Dir	Valid	Unique	Doubles	Singles
14x2+55x+4y6+2y4+17y3+2z28+z27	1	1	1	0
15x2+54x+4y6+3y4+16y3+3z28	7	7	7	0
15x2+54x+4y6+3y4+16y3+z29+z28+z27	51	51	51	3
16x2+53x+4y6+4y4+15y3+2z29+z27	85	85	85	4
16x2+53x+4y6+4y4+15y3+z29+2z28	5	5	5	0
16x2+53x+4y6+4y4+15y3+z30+z28+z27	16	16	16	6
16x2+53x+4y6+y5+2y4+16y3+z29+2z28	4	4	4	0
17x2+52x+4y6+5y4+14y3+2z29+z28	23	23	23	2
17x2+52x+4y6+5y4+14y3+z30+2z28	62	62	62	5
17x2+52x+4y6+5y4+14y3+z30+z29+z27	133	132	132	36
17x2+52x+4y6+5y4+14y3+z31+z28+z27	19	19	19	4
17x2+52x+4y6+5y4+14y3+z32+2z27	674	593	593	0
17x2+52x+4y6+y5+3y4+15y3+2z29+z28	1	1	1	1
18x2+51x+4y6+6y4+13y3+2z30+z27	70	70	70	26
18x2+51x+4y6+6y4+13y3+3z29	2	2	2	0
18x2+51x+4y6+6y4+13y3+z30+z29+z28	110	110	110	48
18x2+51x+4y6+6y4+13y3+z31+2z28	124	124	124	34
18x2+51x+4y6+6y4+13y3+z31+z29+z27	116	116	116	34
18x2+51x+4y6+6y4+13y3+z32+z28+z27	1207	916	916	42
18x2+51x+4y6+6y4+13y3+z33+2z27	485	402	402	0
18x2+51x+4y6+y5+4y4+14y3+3z29	5	5	5	5
18x2+51x+4y6+y5+4y4+14y3+z30+z29+z28	27	27	27	0
18x2+51x+4y6+y5+4y4+14y3+z31+2z28	3	3	3	1
18x2+51x+4y6+y5+4y4+14y3+z32+z28+z27	303	303	303	0
19x2+50x+4y6+2y5+3y4+14y3+z30+2z29	3	3	3	0
19x2+50x+4y6+7y4+12y3+2z30+z28	60	59	59	35
19x2+50x+4y6+7y4+12y3+z30+2z29	45	43	43	26
19x2+50x+4y6+7y4+12y3+z31+z29+z28	479	479	479	149
19x2+50x+4y6+7y4+12y3+z31+z30+z27	136	136	136	86
19x2+50x+4y6+7y4+12y3+z32+2z28	844	631	631	103
19x2+50x+4y6+7y4+12y3+z32+z29+z27	556	510	510	174
19x2+50x+4y6+7y4+12y3+z33+z28+z27	720	482	482	0
19x2+50x+4y6+y5+5y4+13y3+2z30+z28	2	1	1	0
19x2+50x+4y6+y5+5y4+13y3+z30+2z29	19	18	18	9
19x2+50x+4y6+y5+5y4+13y3+z31+z29+z28	59	59	59	20
19x2+50x+4y6+y5+5y4+13y3+z32+2z28	386	386	386	12
19x2+50x+4y6+y5+5y4+13y3+z32+z29+z27	144	144	144	0
19x2+50x+4y6+y5+5y4+13y3+z33+z28+z27	18	18	18	0
20x2+49x+4y6+2y5+4y4+13y3+2z30+z29	1	1	1	0
20x2+49x+4y6+2y5+4y4+13y3+z31+2z29	4	4	4	0
20x2+49x+4y6+8y4+11y3+2z30+z29	34	34	34	22
20x2+49x+4y6+8y4+11y3+2z31+z27	9	9	9	9
20x2+49x+4y6+8y4+11y3+z31+2z29	165	164	164	60
20x2+49x+4y6+8y4+11y3+z31+z30+z28	143	143	143	78
20x2+49x+4y6+8y4+11y3+z32+z29+z28	986	893	893	221
20x2+49x+4y6+8y4+11y3+z32+z30+z27	285	285	285	135
20x2+49x+4y6+8y4+11y3+z33+2z28	346	174	174	0
20x2+49x+4y6+8y4+11y3+z33+z29+z27	89	59	59	0
20x2+49x+4y6+y5+6y4+12y3+2z30+z29	10	10	10	0
20x2+49x+4y6+y5+6y4+12y3+z31+2z29	100	100	100	42
20x2+49x+4y6+y5+6y4+12y3+z31+z30+z28	124	124	124	73
20x2+49x+4y6+y5+6y4+12y3+z32+z29+z28	471	471	471	102
20x2+49x+4y6+y5+6y4+12y3+z33+2z28	46	45	45	0
20x2+49x+4y6+y5+6y4+12y3+z33+z29+z27	7	6	6	0
21x2+48x+3y6+4y5+4y4+12y3+z32+2z29	5	5	5	0
21x2+48x+4y6+2y5+5y4+12y3+z31+z30+z29	28	28	28	10
21x2+48x+4y6+2y5+5y4+12y3+z32+2z29	16	16	16	10
21x2+48x+4y6+2y5+5y4+12y3+z32+z30+z28	1	0	0	0
21x2+48x+4y6+9y4+10y3+2z31+z28	30	30	30	30
21x2+48x+4y6+9y4+10y3+3z30	4	4	4	0
21x2+48x+4y6+9y4+10y3+z31+z30+z29	51	50	50	30
21x2+48x+4y6+9y4+10y3+z32+2z29	180	151	151	33
21x2+48x+4y6+9y4+10y3+z32+z30+z28	162	162	162	57
21x2+48x+4y6+9y4+10y3+z32+z31+z27	54	54	54	54
21x2+48x+4y6+9y4+10y3+z33+z29+z28	148	83	83	0
21x2+48x+4y6+y5+7y4+11y3+2z31+z28	18	18	18	18
21x2+48x+4y6+y5+7y4+11y3+3z30	4	4	4	0
21x2+48x+4y6+y5+7y4+11y3+z31+z30+z29	122	121	121	66
21x2+48x+4y6+y5+7y4+11y3+z32+2z29	194	194	194	52
21x2+48x+4y6+y5+7y4+11y3+z32+z30+z28	136	136	136	71
21x2+48x+4y6+y5+7y4+11y3+z33+z29+z28	216	215	215	0
22x2+47x+3y6+4y5+5y4+11y3+z32+z30+z29	3	3	3	0
22x2+47x+4y6+10y4+9y3+2z32+z27	42	42	42	42
22x2+47x+4y6+10y4+9y3+z33+2z29	29	9	9	0
22x2+47x+4y6+2y5+6y4+11y3+2z31+z29	9	9	9	9
22x2+47x+4y6+2y5+6y4+11y3+z31+2z30	11	11	11	6
22x2+47x+4y6+2y5+6y4+11y3+z32+z30+z29	29	29	29	13
22x2+47x+4y6+2y5+6y4+11y3+z33+2z29	30	30	30	0
22x2+47x+4y6+y5+8y4+10y3+2z31+z29	4	4	4	0
22x2+47x+4y6+y5+8y4+10y3+z31+2z30	4	4	4	0
22x2+47x+4y6+y5+8y4+10y3+z32+z30+z29	46	46	46	18
22x2+47x+4y6+y5+8y4+10y3+z32+z31+z28	54	54	54	54
22x2+47x+4y6+y5+8y4+10y3+z33+2z29	75	72	72	0
22x2+47x+4y6+y5+8y4+10y3+z33+z30+z28	37	37	37	0
23x2+46x+4y6+2y5+7y4+10y3+z32+2z30	2	2	2	0
23x2+46x+4y6+2y5+7y4+10y3+z33+z30+z29	19	18	18	0
23x2+46x+4y6+y5+9y4+9y3+2z31+z30	4	4	4	0
23x2+46x+4y6+y5+9y4+9y3+2z32+z28	1	1	1	0
24x2+45x+3y6+4y5+7y4+9y3+z33+2z30	3	3	3	0
24x2+45x+4y6+2y5+8y4+9y3+z32+z31+z30	4	4	4	0
25x2+44x+3y6+4y5+8y4+8y3+z33+z31+z30	3	3	3	0
25x2+44x+3y6+4y5+8y4+8y3+z34+2z30	3	3	3	0
2x3+20x2+47x+4y6+4y5+4y4+11y3+z33+z31+z29	1	1	1	0
2x3+20x2+47x+4y6+4y5+4y4+11y3+z34+z30+z29	3	3	3	0
2x3+20x2+47x+5y6+2y5+5y4+11y3+z33+2z30	2	2	2	0
2x3+21x2+46x+4y6+4y5+5y4+10y3+z32+2z31	1	1	1	0
2x3+21x2+46x+4y6+4y5+5y4+10y3+z33+z32+z29	1	1	1	0
2x3+21x2+46x+5y6+2y5+6y4+10y3+2z32+z30	1	1	1	0
2x3+22x2+45x+4y6+4y5+6y4+9y3+2z32+z31	2	2	2	0
2x3+22x2+45x+4y6+4y5+6y4+9y3+z33+2z31	1	1	1	0
2x3+22x2+45x+5y6+2y5+7y4+9y3+2z32+z31	1	1	1	0
2x3+23x2+44x+4y6+4y5+7y4+8y3+z33+z32+z31	2	2	2	0
2x3+23x2+44x+4y6+5y5+5y4+9y3+z34+2z31	1	1	1	0
2x3+24x2+43x+4y6+4y5+8y4+7y3+z33+2z32	3	3	3	0
2x3+25x2+42x+4y6+5y5+7y4+7y3+z34+2z32	1	1	1	0
3x3+16x2+50x+4y6+4y5+2y4+13y3+2z31+z29	16	16	16	15
3x3+17x2+49x+4y6+4y5+3y4+12y3+2z31+z30	42	42	42	41
3x3+17x2+49x+4y6+4y5+3y4+12y3+z32+z31+z29	11	11	11	10
3x3+18x2+48x+4y6+4y5+4y4+11y3+3z31	30	30	30	28
3x3+18x2+48x+4y6+4y5+4y4+11y3+z32+z31+z30	71	71	71	67
3x3+18x2+48x+4y6+5y5+2y4+12y3+z32+z31+z30	1	1	1	1
3x3+19x2+47x+4y6+4y5+5y4+10y3+2z32+z30	9	9	9	9
3x3+19x2+47x+4y6+4y5+5y4+10y3+z32+2z31	126	126	126	122
3x3+19x2+47x+4y6+4y5+5y4+10y3+z33+z31+z30	9	9	9	6
3x3+20x2+46x+4y6+4y5+6y4+9y3+2z32+z31	74	74	74	71
3x3+20x2+46x+4y6+4y5+6y4+9y3+z33+2z31	28	28	28	25
3x3+20x2+46x+4y6+5y5+4y4+10y3+z33+2z31	1	1	1	1
3x3+21x2+45x+4y6+4y5+7y4+8y3+3z32	34	34	34	34
3x3+21x2+45x+4y6+4y5+7y4+8y3+z33+z32+z31	34	34	34	34
3x3+22x2+44x+4y6+4y5+8y4+7y3+2z33+z31	16	16	16	16
3x3+22x2+44x+4y6+4y5+8y4+7y3+z33+2z32	15	15	15	15
4x3+18x2+47x+4y6+5y5+4y4+10y3+2z32+z31	2	2	2	2
4x3+19x2+46x+4y6+5y5+5y4+9y3+3z32	2	2	2	2
4x3+19x2+46x+4y6+5y5+5y4+9y3+z33+z32+z31	2	2	2	2
4x3+19x2+46x+4y6+6y5+3y4+10y3+3z32	1	1	1	1
4x3+20x2+45x+4y6+5y5+6y4+8y3+z33+2z32	5	5	5	5
4x3+21x2+44x+4y6+5y5+7y4+7y3+2z33+z32	1	1	1	1
4x3+21x2+44x+4y6+6y5+5y4+8y3+z34+2z32	2	2	2	2
classic	4	2	2	1
courtois.poly	0	0	0	0
extract.py	0	0	0	0
extract.py~	0	0	0	0
laderman.poly	0	0	0	0
oh.poly	0	0	0	0
schemes.html	0	0	0	0
smirnov.poly	0	0	0	0
strassen.poly	0	0	0	0
x3+16x2+52x+4y6+2y5+2y4+15y3+z31+z29+z27	8	8	8	2
x3+16x2+52x+4y6+y5+4y4+14y3+2z30+z27	1	1	1	1
x3+16x2+52x+4y6+y5+4y4+14y3+z31+2z28	1	1	1	0
x3+17x2+51x+4y6+2y5+3y4+14y3+z31+z29+z28	36	36	36	19
x3+17x2+51x+4y6+2y5+3y4+14y3+z32+z29+z27	4	4	4	1
x3+17x2+51x+4y6+y5+5y4+13y3+2z30+z28	1	1	1	1
x3+17x2+51x+4y6+y5+5y4+13y3+z30+2z29	3	3	3	3
x3+17x2+51x+4y6+y5+5y4+13y3+z31+z29+z28	1	1	1	0
x3+17x2+51x+4y6+y5+5y4+13y3+z31+z30+z27	2	2	2	2
x3+18x2+50x+4y6+2y5+4y4+13y3+z31+2z29	82	82	82	63
x3+18x2+50x+4y6+2y5+4y4+13y3+z31+z30+z28	7	7	7	3
x3+18x2+50x+4y6+2y5+4y4+13y3+z32+z29+z28	13	13	13	6
x3+18x2+50x+4y6+3y5+2y4+14y3+z31+z30+z28	1	1	1	0
x3+18x2+50x+4y6+y5+6y4+12y3+2z30+z29	3	3	3	1
x3+18x2+50x+4y6+y5+6y4+12y3+z31+z30+z28	3	3	3	2
x3+18x2+50x+4y6+y5+6y4+12y3+z32+z30+z27	2	2	2	2
x3+19x2+49x+4y6+2y5+5y4+12y3+2z31+z28	13	13	13	4
x3+19x2+49x+4y6+2y5+5y4+12y3+z31+z30+z29	85	85	85	71
x3+19x2+49x+4y6+2y5+5y4+12y3+z32+2z29	30	30	30	23
x3+19x2+49x+4y6+2y5+5y4+12y3+z32+z30+z28	1	1	1	1
x3+19x2+49x+4y6+y5+7y4+11y3+2z31+z28	5	5	5	3
x3+19x2+49x+4y6+y5+7y4+11y3+z31+z30+z29	3	3	3	3
x3+19x2+49x+4y6+y5+7y4+11y3+z32+z30+z28	1	1	1	0
x3+19x2+49x+4y6+y5+7y4+11y3+z32+z31+z27	1	1	1	1
x3+20x2+48x+4y6+2y5+6y4+11y3+2z31+z29	59	59	59	31
x3+20x2+48x+4y6+2y5+6y4+11y3+z31+2z30	31	31	31	19
x3+20x2+48x+4y6+2y5+6y4+11y3+z32+z30+z29	50	50	50	43
x3+20x2+48x+4y6+2y5+6y4+11y3+z32+z31+z28	2	2	2	1
x3+20x2+48x+4y6+3y5+4y4+12y3+z32+z30+z29	3	3	3	0
x3+20x2+48x+4y6+y5+8y4+10y3+z32+z30+z29	2	2	2	0
x3+21x2+47x+3y6+5y5+4y4+11y3+z34+2z29	5	5	5	0
x3+21x2+47x+4y6+2y5+7y4+10y3+2z31+z30	50	50	50	15
x3+21x2+47x+4y6+2y5+7y4+10y3+z32+z31+z29	74	74	74	48
x3+21x2+47x+4y6+3y5+5y4+11y3+2z31+z30	1	1	1	0
x3+21x2+47x+4y6+3y5+5y4+11y3+z32+2z30	1	1	1	1
x3+21x2+47x+4y6+3y5+5y4+11y3+z32+z31+z29	1	1	1	0
x3+21x2+47x+4y6+3y5+5y4+11y3+z33+z30+z29	5	5	5	0
x3+21x2+47x+y7+3y6+3y5+4y4+12y3+z32+z31+z29	1	1	1	0
x3+22x2+46x+3y6+5y5+5y4+10y3+z34+z30+z29	3	3	3	0
x3+22x2+46x+4y6+2y5+8y4+9y3+2z32+z29	14	14	14	14
x3+22x2+46x+4y6+2y5+8y4+9y3+3z31	45	45	45	5
x3+22x2+46x+4y6+2y5+8y4+9y3+z32+z31+z30	31	31	31	5
x3+22x2+46x+4y6+3y5+6y4+10y3+z32+z31+z30	6	6	6	0
x3+22x2+46x+4y6+3y5+6y4+10y3+z33+z31+z29	3	3	3	0
x3+22x2+46x+y7+3y6+3y5+5y4+11y3+2z32+z29	1	1	1	0
x3+23x2+45x+4y6+2y5+9y4+8y3+2z32+z30	14	14	14	0
x3+23x2+45x+4y6+2y5+9y4+8y3+z32+2z31	57	57	57	1
x3+23x2+45x+4y6+2y5+9y4+8y3+z33+z31+z30	1	1	1	0
x3+23x2+45x+4y6+3y5+7y4+9y3+2z32+z30	2	2	2	0
x3+23x2+45x+4y6+3y5+7y4+9y3+z32+2z31	2	2	2	0
x3+23x2+45x+4y6+3y5+7y4+9y3+z33+z31+z30	1	1	1	0
x3+24x2+44x+4y6+2y5+10y4+7y3+2z32+z31	28	28	28	1
x3+24x2+44x+4y6+2y5+10y4+7y3+z33+2z31	14	14	14	0
x3+24x2+44x+4y6+3y5+8y4+8y3+2z32+z31	3	3	3	0
x3+24x2+44x+4y6+3y5+8y4+8y3+z33+2z31	1	1	1	0
x3+24x2+44x+4y6+3y5+8y4+8y3+z33+z32+z30	1	1	1	0
x3+25x2+43x+4y6+2y5+11y4+6y3+3z32	14	14	14	0
x3+25x2+43x+4y6+3y5+9y4+7y3+z33+z32+z31	3	3	3	0
x3+26x2+42x+4y6+2y5+12y4+5y3+z33+2z32	6	6	6	0
x3+26x2+42x+4y6+3y5+10y4+6y3+z33+2z32	2	2	2	0
x3+27x2+41x+4y6+3y5+11y4+5y3+2z33+z32	4	4	4	0
TOTAL	13009	11629	11629	3087
